895019499	0
1120477236	1
75203703	2
1204902741	3
1148470697	4
1214206698	5
1014054564	6
1032411858	7
1144477366	8
873681687	9
891180723	10
849150554	11
963139272	12
686735220	13
1246798610	14
1231485590	15
1171504341	16
713875338	17
926134818	18
953642962	19
1117205766	20
1220464429	21
962496587	22
221363691	23
1084315682	24
965198939	25
1140801129	26
1083342535	27
1204587175	28
243934724	29
1108321547	30
1184193987	31
1094313755	32
282818683	33
139269158	34
722345878	35
331886075	36
236749543	37
134930430	38
333009305	39
1106208578	40
1092281829	41
925242548	42
697543014	43
1055873738	44
910690578	45
1035186356	46
247734018	47
722519288	48
206587289	49
1147397517	50
1044323398	51
950564855	52
285673653	53
1083444895	54
1040031594	55
699670114	56
1216742494	57
851974053	58
941416054	59
966938889	60
1136425790	61
1216234436	62
1163850209	63
1188367207	64
928683739	65
1082429813	66
1214539632	67
876357722	68
1094675181	69
717306111	70
923548449	71
847638434	72
844951746	73
928429561	74
1047417949	75
1222446786	76
202785952	77
1146971491	78
692791671	79
1230347214	80
282621609	81
1228509871	82
348440045	83
940966096	84
326862221	85
950801901	86
518155200	87
324534505	88
1016529063	89
700103461	90
958085183	91
573227553	92
716242101	93
1053306587	94
348303339	95
1206063801	96
849651855	97
1118690081	98
87257640	99
267724984	100
462351656	101
127382552	102
847736043	103
1121594054	104
849138235	105
858566841	106
858117473	107
324362482	108
325209962	109
920370671	110
947713534	111
685595008	112
1138669605	113
701210465	114
293012567	115
143088974	116
279689783	117
1168883849	118
989808211	119
1113718853	120
1213314146	121
1153615008	122
965306346	123
980261142	124
1236306875	125
863952536	126
1241856325	127
1045448222	128
980160669	129
1095767071	130
887535666	131
1010543758	132
1213115869	133
1211106625	134
1171383447	135
719799955	136
1030574218	137
1219495052	138
992558175	139
1094058730	140
1017405887	141
1122683836	142
722211455	143
1222250814	144
1218137647	145
902460050	146
564966543	147
977626531	148
879071785	149
1063653007	150
1063098014	151
853845551	152
1234100806	153
1206140629	154
345408325	155
1209389593	156
328722563	157
1124989813	158
880621103	159
1016964632	160
1211473521	161
1136115020	162
1220499744	163
418421367	164
995769526	165
904558979	166
1146917375	167
208508834	168
331463129	169
1032038211	170
1021378571	171
707301037	172
1189522708	173
522867101	174
1205314519	175
1161326796	176
1171604239	177
919228758	178
1029757668	179
1056633147	180
712747017	181
1116813132	182
863563232	183
1093919261	184
1002994486	185
969184775	186
948494232	187
418298059	188
1240854647	189
706906002	190
808728267	191
290926008	192
862913474	193
973962366	194
1026844635	195
913229459	196
1003438910	197
864285762	198
954708319	199
1087391248	200
1219486064	201
1234683099	202
1201610954	203
1202951451	204
1234005938	205
876986107	206
1159243167	207
896671073	208
286459550	209
912788122	210
1145706711	211
896425605	212
270237727	213
1051355215	214
914516919	215
1021583572	216
1050773698	217
929282607	218
383261007	219
693952597	220
989970925	221
1240158285	222
1221742653	223
954284218	224
573141520	225
912797492	226
917837464	227
1222596536	228
292283975	229
334224261	230
962671979	231
836451197	232
888963343	233
1112942	234
870527475	235
470827140	236
1054830377	237
1221061402	238
1117763378	239
1096525519	240
512524737	241
1104509306	242
1040110585	243
1147405597	244
1088002810	245
702309344	246
1008292513	247
929312247	248
705369498	249
1203533638	250
1203451703	251
953535325	252
1064553410	253
889648313	254
725246690	255
862337132	256
870303436	257
991641499	258
1064250426	259
608053183	260
938267361	261
976188482	262
1036051746	263
1127985773	264
1199276148	265
1059904325	266
1227940301	267
519506794	268
940102357	269
966498990	270
1204932183	271
969850076	272
1225472211	273
1234334227	274
1145687068	275
1146142535	276
929860105	277
1065561499	278
1082010884	279
1096038485	280
1149396733	281
851714739	282
305490737	283
644793249	284
284590832	285
1159888255	286
1217509205	287
985043533	288
609624186	289
846615053	290
1217495311	291
1109406748	292
1189079973	293
1216730531	294
1037802976	295
1166179568	296
1225640625	297
931921024	298
864319964	299
1041244043	300
883055609	301
1058076945	302
1000901123	303
1136683394	304
519710109	305
525509057	306
383562095	307
846437569	308
1182260764	309
715175080	310
142766464	311
858945806	312
927945553	313
973029703	314
868244650	315
644698419	316
278894261	317
1006527677	318
1056517592	319
1223267806	320
208659993	321
700667034	322
1112463741	323
1049839529	324
868876211	325
916980491	326
692510183	327
1234753552	328
1218993079	329
1227308948	330
901581096	331
1071935223	332
1144630996	333
983592076	334
902250248	335
702531117	336
1096098774	337
1202180684	338
1117367282	339
924208260	340
925382503	341
895047010	342
1123198893	343
857558644	344
467590171	345
1184778591	346
852449741	347
1240072898	348
1216995831	349
564237565	350
1236472996	351
1058898272	352
1186902756	353
1017131205	354
1210862054	355
712311380	356
1146884063	357
999715233	358
1001258280	359
881287039	360
1092020570	361
907270873	362
288548998	363
1139184364	364
1014831519	365
932525327	366
1131184584	367
1132687436	368
278802228	369
912857673	370
1046244335	371
1204081883	372
875328217	373
1101840067	374
997101451	375
1243155415	376
713325109	377
1028441642	378
1234096648	379
1136532463	380
1187790205	381
1102816471	382
1246613892	383
1214519349	384
1017048734	385
1032866734	386
1016605956	387
1240645352	388
1110151398	389
1212033638	390
1225430807	391
1177257800	392
875810995	393
1015924775	394
1045987459	395
839444362	396
1020255382	397
962718353	398
223290407	399
1179896166	400
1210438463	401
1088054207	402
861785210	403
1219454470	404
894275020	405
950257064	406
850352260	407
876890285	408
963108347	409
1241745011	410
721303291	411
718450289	412
810771070	413
1041451846	414
873964669	415
722279237	416
1122608369	417
917267049	418
1132546352	419
1145674929	420
324098162	421
937978800	422
998677540	423
919361030	424
706966137	425
514823695	426
645596898	427
298260027	428
1213318652	429
525118543	430
1091357929	431
700311117	432
856932314	433
648124042	434
888866310	435
1217078493	436
97436615	437
1019727514	438
706224736	439
385568357	440
86839063	441
506701829	442
881848461	443
135690666	444
5200888	445
83902603	446
139276767	447
125812750	448
1074638811	449
951197926	450
1174469919	451
383961588	452
915993355	453
705501673	454
610433724	455
1115864171	456
1184992723	457
953492619	458
1089848480	459
1071673851	460
987840825	461
977844772	462
1157284433	463
330996735	464
1160987111	465
385158555	466
383857722	467
1160737536	468
992020760	469
1141405254	470
1159084791	471
689503798	472
1099805656	473
1157482595	474
975030313	475
278852320	476
1151640790	477
1114421112	478
707446891	479
1174095699	480
985921424	481
1068962514	482
968103128	483
1192337435	484
1008560471	485
1219426031	486
1125861547	487
1206895221	488
1200418015	489
1206936044	490
714406277	491
1222490600	492
1215716707	493
1222055032	494
1136416288	495
974929679	496
720032172	497
969497178	498
1120730959	499
997544247	500
1114397660	501
849898058	502
1120870433	503
525924470	504
1046161234	505
869958408	506
124489532	507
998699560	508
975188829	509
1068438008	510
130622911	511
961726062	512
564189188	513
1185943371	514
1106398968	515
1213911209	516
889968331	517
888611057	518
923756236	519
1179180127	520
1065466316	521
1032800989	522
852213612	523
1130667616	524
978138259	525
1088811615	526
1058551698	527
1081402557	528
1173415142	529
1173565298	530
329600132	531
242908788	532
958803195	533
920528602	534
317443656	535
90559057	536
916700707	537
1097316214	538
685079048	539
134606669	540
855927450	541
525472426	542
1080959086	543
318857563	544
951331155	545
289159076	546
701290707	547
1057550152	548
1107253654	549
881277093	550
860596369	551
84757757	552
1215352604	553
1009400941	554
1016484057	555
860376357	556
961063013	557
1251574570	558
976444045	559
934269446	560
1168489660	561
1146404402	562
1184103710	563
1180249416	564
219505604	565
1072306339	566
221343889	567
842551285	568
1138750607	569
521937225	570
286581805	571
1195921236	572
1158089666	573
879880945	574
417946623	575
1195946744	576
1205396879	577
927149694	578
1230745645	579
516722522	580
228651552	581
880116345	582
1185607374	583
384936690	584
133834672	585
127345619	586
648209777	587
279728601	588
144889054	589
845788175	590
963947407	591
884258545	592
276106517	593
1031476551	594
855160007	595
863369306	596
1065759832	597
1075297201	598
731035217	599
705161225	600
1209915077	601
724773205	602
920762444	603
878023059	604
1235619319	605
1047566035	606
1180088816	607
1070227033	608
1096443622	609
1058591153	610
961280009	611
134251966	612
853428660	613
470723752	614
1231148163	615
286465489	616
702555108	617
1049531366	618
1211052101	619
1213667149	620
1190309852	621
1216331308	622
1154335569	623
1117333201	624
526419408	625
1207999417	626
1049928274	627
1191635807	628
1141775324	629
1186212428	630
1173290519	631
710112175	632
212429027	633
84758069	634
1039203208	635
959138584	636
960130237	637
421761177	638
1166006063	639
347746411	640
1158212468	641
1131212640	642
851481037	643
1075311092	644
510135157	645
1178871499	646
947593659	647
289499029	648
928978362	649
1026943131	650
1217797167	651
922991489	652
880952586	653
1233943513	654
1072557761	655
1130187491	656
1037045440	657
142765888	658
705081802	659
873456430	660
837897270	661
1212593555	662
321474831	663
1057915497	664
1149300250	665
1246334071	666
1106652158	667
989244743	668
1129304702	669
997277230	670
234979345	671
1115812277	672
1045564718	673
1017676062	674
1027604978	675
1222235457	676
1126977112	677
914232781	678
989005528	679
1095694839	680
87063217	681
1017223071	682
941471827	683
213790436	684
857076038	685
711340612	686
343649136	687
279913798	688
902862924	689
1131262132	690
300792267	691
710879569	692
1021491315	693
1053990165	694
969678273	695
516849431	696
564485559	697
1186891028	698
611536480	699
286966163	700
846723425	701
565920354	702
712060115	703
575716730	704
458007665	705
690248419	706
934014792	707
720742011	708
1227815675	709
1226835939	710
891186364	711
1075098959	712
1228803725	713
720624190	714
712621014	715
1141359151	716
724560297	717
852353557	718
1193319302	719
1001117056	720
1134077164	721
999464659	722
1224215088	723
1146210091	724
1142930657	725
1214570412	726
1230701985	727
934529327	728
1191295620	729
1041292035	730
1175697827	731
648146377	732
969349543	733
1043187053	734
925137239	735
935372340	736
1148364328	737
1159539178	738
384467507	739
466944113	740
1156390117	741
696650365	742
967260015	743
973478633	744
953649355	745
689452700	746
875306289	747
1196757634	748
1179920042	749
714379575	750
571255061	751
732630947	752
856872058	753
1202735053	754
565116249	755
86786750	756
273217710	757
996628405	758
221091175	759
701568016	760
289093005	761
929556335	762
1063193343	763
1157510175	764
895912876	765
142188775	766
247128660	767
990375137	768
1171679678	769
724634151	770
649730781	771
857559765	772
1083667299	773
1088134173	774
1089482344	775
847868712	776
976124012	777
936804258	778
878899752	779
1055531215	780
701100722	781
858561286	782
1197702551	783
849279016	784
953270862	785
1079794697	786
1079224626	787
971369622	788
1059443503	789
947252702	790
1122402037	791
874052814	792
1218129700	793
850545264	794
1190333857	795
697354123	796
895291840	797
914773794	798
1068898317	799
876910189	800
1117469174	801
1129224228	802
245414131	803
1185620882	804
965567540	805
947368391	806
1127418604	807
243084057	808
1145102034	809
1144787036	810
1164357573	811
1204031317	812
1143268763	813
847157357	814
286439570	815
1035395692	816
931961978	817
1052608371	818
925151755	819
1158722253	820
942631332	821
971133250	822
1230181887	823
519668783	824
135627063	825
948641694	826
1141292744	827
460595139	828
1094321742	829
1147480408	830
719695483	831
836321466	832
280071496	833
1025625317	834
937627689	835
912629570	836
1055009004	837
953229028	838
1159748792	839
1181075244	840
1218437703	841
1172841461	842
1029439546	843
975404106	844
119693597	845
202020131	846
1240079943	847
924974941	848
1226794883	849
708544052	850
953119183	851
1194727559	852
1187364746	853
1027521120	854
1050372556	855
880178381	856
1194250223	857
1238296017	858
1186902340	859
864454599	860
965906038	861
470531825	862
986313140	863
215934745	864
1076078202	865
892395333	866
1178098968	867
1179283172	868
1216787084	869
1213901259	870
1246862561	871
1096486758	872
1223138676	873
1079589401	874
1041227756	875
693650203	876
1111632260	877
1225653676	878
1098260358	879
1213797624	880
717184108	881
985751566	882
928447310	883
890365491	884
1173667362	885
1220467088	886
285729383	887
844049593	888
978288079	889
317405236	890
470206512	891
1010972629	892
876161877	893
1230777862	894
1159322080	895
887188516	896
342897296	897
977306515	898
1214208382	899
875997369	900
1116520118	901
1040530935	902
928777248	903
1127437264	904
848843488	905
1251113964	906
1191227388	907
929170395	908
893206297	909
1108470720	910
716661413	911
962559496	912
1052049163	913
1134321010	914
718227042	915
892515043	916
872613961	917
865374691	918
865054276	919
977425715	920
1116262102	921
242930726	922
990994680	923
334747697	924
942261174	925
960945458	926
1143018859	927
974120753	928
1052153453	929
869724266	930
926146721	931
1094441799	932
928651863	933
859361537	934
924521826	935
857664545	936
610619734	937
1179137762	938
861835216	939
1026213187	940
1197520129	941
934997122	942
1043916907	943
931885001	944
1073402953	945
845906507	946
723956535	947
1194669412	948
977829367	949
718090225	950
526107514	951
124741703	952
1244524022	953
84757649	954
889235636	955
1170510723	956
1003637246	957
987048772	958
1056747413	959
990461140	960
989615944	961
1028494246	962
1109419298	963
859605311	964
860540480	965
919508535	966
339783153	967
1014853230	968
1093280649	969
932866006	970
861231967	971
1245556980	972
715608171	973
928558099	974
863414098	975
696576233	976
384626787	977
880622126	978
1129805817	979
574629502	980
1167198713	981
1121447458	982
1075793310	983
1043014051	984
1161319571	985
1236921802	986
1185781590	987
919103202	988
343345005	989
266221	990
206011972	991
698157614	992
280089157	993
973981540	994
868273581	995
716483877	996
696420042	997
282794715	998
972230668	999
606921013	1000
1062380522	1001
705902417	1002
908034507	1003
124098334	1004
320087207	1005
1059451839	1006
1178851832	1007
1137207485	1008
1212759651	1009
1204041738	1010
1189525557	1011
1054117790	1012
715058114	1013
685651015	1014
696061787	1015
269540806	1016
1214281456	1017
1011209429	1018
937191998	1019
1199002094	1020
649252802	1021
1201479147	1022
1237553789	1023
1152777602	1024
1128814834	1025
1129532484	1026
1125589227	1027
1125293783	1028
1133528279	1029
1055879001	1030
422506433	1031
202164189	1032
1042415416	1033
688510039	1034
71364944	1035
850753520	1036
1237383791	1037
1125268120	1038
986965358	1039
844715920	1040
1164950293	1041
1150765030	1042
1145774002	1043
335580044	1044
918542411	1045
900152837	1046
1187800468	1047
837906164	1048
1195173580	1049
1143180109	1050
934609316	1051
1096228139	1052
903333331	1053
850731672	1054
1110555780	1055
927642624	1056
906485055	1057
893619737	1058
714436805	1059
1232340220	1060
953466436	1061
1094303482	1062
689145858	1063
1016930612	1064
879291115	1065
874332275	1066
857215078	1067
563094930	1068
1141594297	1069
687868313	1070
1126139986	1071
1006739672	1072
1041682757	1073
845163294	1074
1180198153	1075
222954881	1076
1228655750	1077
1204882189	1078
900577651	1079
1208069659	1080
690342796	1081
978236145	1082
1024755771	1083
1057531552	1084
990035553	1085
989926928	1086
1128997210	1087
845752925	1088
524910610	1089
716060069	1090
1221809260	1091
891980027	1092
1090696237	1093
1115522597	1094
1109559982	1095
690256016	1096
1211048224	1097
713891352	1098
1198435215	1099
1240078296	1100
285300871	1101
1201598856	1102
1130253377	1103
140411599	1104
245117120	1105
1015358193	1106
1176051347	1107
952505830	1108
287139137	1109
1009732707	1110
1117515074	1111
714613466	1112
939780606	1113
939805173	1114
888505346	1115
695679138	1116
1206023999	1117
1222051296	1118
1150743315	1119
1147863560	1120
1093366902	1121
1194822108	1122
1197331099	1123
1234679158	1124
1210396168	1125
1199595868	1126
1108499218	1127
1010399391	1128
910345475	1129
1000105060	1130
1091341127	1131
901509352	1132
1249656926	1133
810597457	1134
709769239	1135
1011608239	1136
1215495831	1137
868991785	1138
302257200	1139
1145012688	1140
688159472	1141
1124528207	1142
90175356	1143
986470494	1144
977449126	1145
988568066	1146
287787709	1147
645682817	1148
139277879	1149
1226542476	1150
874244452	1151
1146746710	1152
686052005	1153
1095823588	1154
1224957546	1155
937232924	1156
1092089523	1157
905134673	1158
1010579281	1159
960881164	1160
1062708396	1161
708559066	1162
1050378400	1163
1197355312	1164
1001689866	1165
952616794	1166
864203196	1167
868022443	1168
564275565	1169
1116344708	1170
1126210594	1171
1009475908	1172
1239170277	1173
1140591462	1174
1148455375	1175
421732373	1176
1021630981	1177
1182224800	1178
1197949211	1179
1043603849	1180
1203417617	1181
1200938620	1182
1097471140	1183
708429367	1184
888616911	1185
924305619	1186
882205935	1187
1187714107	1188
286943354	1189
1143064709	1190
1017543396	1191
610585123	1192
720274188	1193
854339199	1194
1129341851	1195
905984021	1196
280400	1197
889517300	1198
868043993	1199
1174478028	1200
343285008	1201
888614771	1202
1172498945	1203
1110020404	1204
963360516	1205
1227928614	1206
564685198	1207
937187114	1208
1200821945	1209
696096356	1210
1223509772	1211
1141150762	1212
1200317477	1213
383559795	1214
721282950	1215
1129374107	1216
1181267095	1217
977444087	1218
1134822005	1219
1195912852	1220
1216732782	1221
278086305	1222
1162595157	1223
721054597	1224
1180303605	1225
1145036578	1226
1159860769	1227
866037638	1228
913205378	1229
227994699	1230
708174218	1231
280640093	1232
701966179	1233
1231852939	1234
1183172569	1235
1185309685	1236
1143374155	1237
900923732	1238
1090238163	1239
1101489543	1240
696251332	1241
906620342	1242
1104450906	1243
1157424307	1244
1213083102	1245
1160173117	1246
976762381	1247
1114201115	1248
1001827352	1249
915702107	1250
993826052	1251
212573163	1252
1229713433	1253
506677774	1254
865873202	1255
340826003	1256
873061915	1257
86965444	1258
289474752	1259
235756821	1260
1189953770	1261
1097343702	1262
1140404600	1263
1085414716	1264
1213614460	1265
907198360	1266
1034878598	1267
1010482781	1268
1130425420	1269
808956306	1270
1150489550	1271
1006942667	1272
855236335	1273
853923312	1274
918545609	1275
1132548353	1276
894829905	1277
1020154930	1278
850769518	1279
1107498516	1280
1042548357	1281
1181227241	1282
895183872	1283
272175389	1284
855268989	1285
878890563	1286
509202573	1287
866399726	1288
847736758	1289
936945294	1290
709739046	1291
1000437908	1292
884312237	1293
234938948	1294
1219557379	1295
343269110	1296
979292491	1297
287693293	1298
288379599	1299
522251283	1300
1182831367	1301
1056595046	1302
942981230	1303
723678129	1304
1102862674	1305
715256349	1306
926731242	1307
1209440710	1308
926188505	1309
854247347	1310
1036265616	1311
837366538	1312
644881524	1313
1141856865	1314
1227690079	1315
903286004	1316
287041678	1317
924419251	1318
868885714	1319
424858544	1320
1010462385	1321
931853085	1322
1200407817	1323
982543361	1324
1233764224	1325
982325785	1326
564982232	1327
1001214226	1328
1203917570	1329
1199027614	1330
217120153	1331
893936064	1332
1185307289	1333
948674542	1334
1016105853	1335
1048882066	1336
425028256	1337
1181283134	1338
1023608095	1339
1125979196	1340
1041462407	1341
864197730	1342
1063730125	1343
716273661	1344
1130846406	1345
1195934605	1346
251339281	1347
1210787378	1348
861185551	1349
1231519294	1350
1038461067	1351
1207569451	1352
1094750483	1353
1069834539	1354
1124300163	1355
1065184991	1356
1034520327	1357
572107684	1358
1191640672	1359
812706640	1360
518473262	1361
519480217	1362
853384501	1363
945169482	1364
891256781	1365
719262335	1366
859364101	1367
1215933153	1368
1085881212	1369
1014628430	1370
1044652269	1371
1209296170	1372
1138148400	1373
888905916	1374
1096072725	1375
1049585556	1376
716869408	1377
1116187358	1378
1164375630	1379
1029895191	1380
1222613551	1381
694774092	1382
693011524	1383
1041280838	1384
1201535084	1385
848521091	1386
927657232	1387
341765469	1388
1187862508	1389
644107757	1390
978311208	1391
1149359862	1392
973143499	1393
953546380	1394
1205933544	1395
329772507	1396
1161250467	1397
860863529	1398
1144292409	1399
724297958	1400
114123355	1401
302209408	1402
1104078586	1403
1141390130	1404
1142652369	1405
856377905	1406
1150446479	1407
1166387837	1408
876426769	1409
1120715460	1410
1001562211	1411
289484776	1412
1212083275	1413
1238093306	1414
288766785	1415
1172183127	1416
1004276058	1417
1082887118	1418
467712651	1419
1081812662	1420
463534492	1421
1217519175	1422
855752042	1423
1233846137	1424
1130889825	1425
1206706422	1426
1178372573	1427
1195795257	1428
1125362292	1429
877578440	1430
203751758	1431
1215245764	1432
276611085	1433
706622113	1434
461001009	1435
1161519946	1436
1225039776	1437
899308718	1438
1171755393	1439
1212726080	1440
1191219407	1441
1188726685	1442
1072987349	1443
1166972743	1444
1095488728	1445
1165844464	1446
1201032575	1447
1080671520	1448
1035361766	1449
927640677	1450
889854510	1451
1109424611	1452
1242364422	1453
292185946	1454
1164371698	1455
611106620	1456
879922760	1457
574091034	1458
421488146	1459
222850270	1460
1052184539	1461
929586283	1462
1195038226	1463
1166122001	1464
130624462	1465
685255017	1466
692566128	1467
1140603089	1468
1214718258	1469
1052105711	1470
1187412539	1471
1236994612	1472
463698418	1473
996866645	1474
994078180	1475
927262656	1476
1216875669	1477
1164201940	1478
890179220	1479
1117161213	1480
1241279603	1481
1149063700	1482
912373027	1483
1059623399	1484
1150167438	1485
859926150	1486
1196897344	1487
1106538792	1488
40858372	1489
845398083	1490
1042020737	1491
1156259794	1492
134299199	1493
699530346	1494
1125046134	1495
903633265	1496
906264362	1497
856391711	1498
1179798811	1499
860218171	1500
847801397	1501
899440348	1502
1207782745	1503
344477624	1504
1206120751	1505
893755242	1506
1199145286	1507
1027621070	1508
1132537548	1509
1132541571	1510
1130968050	1511
1107486082	1512
1131480718	1513
8840057	1514
1221248742	1515
1146481140	1516
91354979	1517
1161868717	1518
1159353008	1519
1126681672	1520
336132012	1521
1144314917	1522
1032360241	1523
1010158962	1524
1200765090	1525
1028697006	1526
1027993382	1527
996025586	1528
985613880	1529
894776430	1530
86804934	1531
686575079	1532
688614007	1533
86812448	1534
867948775	1535
701702255	1536
1200353166	1537
1229907311	1538
289015204	1539
1210026521	1540
1213099289	1541
954049435	1542
926622050	1543
877728592	1544
971135167	1545
1112148641	1546
1148734900	1547
881707980	1548
1216975989	1549
1214983482	1550
1244591147	1551
1247581525	1552
289596102	1553
1201016409	1554
1129977690	1555
1230031250	1556
1107921158	1557
1239393078	1558
925654802	1559
994368811	1560
888163411	1561
206211338	1562
1221166933	1563
847250379	1564
1137456489	1565
1160779453	1566
952879511	1567
901752	1568
812442582	1569
1085295908	1570
325630016	1571
1087028580	1572
934340489	1573
1167363292	1574
914568254	1575
853454212	1576
1225769204	1577
1188367089	1578
873982820	1579
1076717757	1580
302850527	1581
12611357	1582
708652144	1583
1160689308	1584
882633177	1585
1143482327	1586
1099644219	1587
1088591851	1588
733061140	1589
940154205	1590
984752540	1591
1139495535	1592
1180103331	1593
1128138341	1594
1128026426	1595
889015535	1596
895631170	1597
424214112	1598
882157337	1599
464285187	1600
1040292887	1601
328681543	1602
1219410163	1603
688577679	1604
1186992940	1605
712447233	1606
895952001	1607
1179678527	1608
855836311	1609
962399296	1610
244263770	1611
244243912	1612
877672848	1613
815417274	1614
1059159310	1615
889060434	1616
1198475749	1617
1116854129	1618
923795334	1619
1048849465	1620
956256003	1621
1133568325	1622
1083334264	1623
861348776	1624
959120087	1625
1210857093	1626
932711220	1627
1016029031	1628
1069202012	1629
1229888568	1630
314639239	1631
987507092	1632
986788179	1633
385056562	1634
845697303	1635
1201032728	1636
1146582854	1637
1002512002	1638
706036511	1639
887367655	1640
963966558	1641
282580880	1642
288172234	1643
1080703573	1644
1218907655	1645
424964618	1646
1010235736	1647
979538733	1648
1109023862	1649
1243053096	1650
1143642034	1651
113799040	1652
282817216	1653
1248271042	1654
1142585493	1655
1204930176	1656
1243020782	1657
873663093	1658
287035961	1659
263357	1660
976158651	1661
1076821313	1662
969350261	1663
1073575955	1664
1107733124	1665
1252579327	1666
1215418552	1667
215901992	1668
1206064154	1669
1195877131	1670
1168445098	1671
1143230437	1672
920055223	1673
419609043	1674
846390823	1675
1144705358	1676
1182936573	1677
1172120349	1678
1191457111	1679
1228309646	1680
845085080	1681
852278008	1682
1208370084	1683
1190162019	1684
220955095	1685
563218948	1686
1045736663	1687
1091509360	1688
959704145	1689
1141365493	1690
1085342853	1691
714657519	1692
1180802415	1693
1104130373	1694
1035095931	1695
280246547	1696
962457310	1697
272757416	1698
927180224	1699
895650012	1700
1057438283	1701
561957979	1702
214245398	1703
213412018	1704
1207559137	1705
725102024	1706
896842272	1707
1239480941	1708
1161403761	1709
1187665215	1710
300764438	1711
943928102	1712
517386916	1713
1191655264	1714
1058523301	1715
951700238	1716
304607154	1717
1007812075	1718
425196615	1719
724648213	1720
1090570264	1721
1171444525	1722
911444512	1723
276967758	1724
959237475	1725
1228822016	1726
1129325001	1727
1182944426	1728
994110949	1729
462285499	1730
895636458	1731
574821458	1732
1158080229	1733
1216865728	1734
1128066748	1735
1052341621	1736
1075649363	1737
522306196	1738
1239361148	1739
223663401	1740
1227489512	1741
1184750646	1742
1010011176	1743
1095550265	1744
1161247101	1745
1108093835	1746
863185386	1747
911447298	1748
1235730583	1749
1082684283	1750
1028084304	1751
912244349	1752
957114069	1753
1230255801	1754
932057057	1755
938577116	1756
863900420	1757
972963830	1758
895549450	1759
525120498	1760
1150586550	1761
858556555	1762
1200984358	1763
864978654	1764
1011789149	1765
1158278066	1766
1235143693	1767
707418200	1768
1127586244	1769
817589275	1770
1225707081	1771
843813184	1772
1248002190	1773
1197149577	1774
279925470	1775
1243106565	1776
1046909894	1777
925565135	1778
1100093427	1779
284709019	1780
282607089	1781
1075622871	1782
247026486	1783
337815599	1784
1136268021	1785
1151680357	1786
1082512889	1787
995723537	1788
850671732	1789
1198429016	1790
128183928	1791
277330	1792
279726975	1793
1066274735	1794
280410831	1795
1056513407	1796
1052756061	1797
231342723	1798
1190182130	1799
1227144379	1800
864188421	1801
1065297131	1802
217049798	1803
271212252	1804
1227334082	1805
690370815	1806
1104025549	1807
1041711505	1808
927651914	1809
1198214077	1810
1015388452	1811
350538163	1812
933303824	1813
1231784892	1814
1091520329	1815
947157625	1816
1240777428	1817
951361141	1818
1092121489	1819
282595311	1820
899025188	1821
1182974971	1822
889612030	1823
1033241770	1824
914222791	1825
1228189194	1826
1065416525	1827
942561810	1828
888933024	1829
300710110	1830
989841665	1831
810079102	1832
1027468031	1833
859588569	1834
881032152	1835
1238099417	1836
1133369012	1837
1183642667	1838
1183676184	1839
1247601949	1840
281562863	1841
725138806	1842
1059440053	1843
649276817	1844
940449571	1845
1199615684	1846
1179565159	1847
1176511104	1848
961818035	1849
926334035	1850
855906125	1851
1097094299	1852
1008583956	1853
1089042265	1854
1196749256	1855
1225206397	1856
845033405	1857
1184305418	1858
1119301528	1859
1238778649	1860
1052318894	1861
1245443750	1862
144969175	1863
1209290793	1864
1045934813	1865
317408021	1866
946247236	1867
991695232	1868
939699995	1869
932207199	1870
1028131267	1871
1204990318	1872
985177342	1873
854323707	1874
1226266931	1875
876877211	1876
1152345090	1877
1208348313	1878
972338537	1879
892378259	1880
891219284	1881
1092371460	1882
1240157990	1883
1110122626	1884
526844320	1885
945954191	1886
1064305392	1887
1109110932	1888
951179267	1889
704052935	1890
1235869467	1891
1232693018	1892
893593865	1893
925402034	1894
1215479136	1895
939413288	1896
850078056	1897
1201028401	1898
1188146079	1899
316591674	1900
707129141	1901
843858557	1902
1154855425	1903
984399537	1904
1110463670	1905
859485502	1906
1033085789	1907
1131215378	1908
1237517600	1909
918189230	1910
916400716	1911
918023301	1912
567144442	1913
955954136	1914
1095657883	1915
720534375	1916
1214891775	1917
1187018416	1918
572331486	1919
1173224555	1920
344146096	1921
1241327320	1922
1188593208	1923
1243099234	1924
144390883	1925
982567854	1926
990442098	1927
989829689	1928
1218929459	1929
1139394588	1930
853773429	1931
1110685525	1932
1109395519	1933
738288980	1934
1221520431	1935
1159166914	1936
1085382455	1937
461888666	1938
918061237	1939
936189152	1940
1046905546	1941
1218159629	1942
720910005	1943
1191130565	1944
1115815222	1945
1218855539	1946
1191711217	1947
989739298	1948
887244760	1949
1091407401	1950
1184517212	1951
287538465	1952
977261593	1953
836705802	1954
963173119	1955
1240089123	1956
1132605184	1957
892855101	1958
1044068121	1959
1152115507	1960
330098474	1961
1210856141	1962
1029158001	1963
977829074	1964
688258645	1965
1235122230	1966
1130825214	1967
858219624	1968
1215404570	1969
136230439	1970
1236474899	1971
875958496	1972
995208954	1973
287388563	1974
468565015	1975
990337013	1976
730723078	1977
1037647009	1978
128395044	1979
130185583	1980
702635043	1981
934968246	1982
838778012	1983
1198453156	1984
128395139	1985
706728787	1986
1128496105	1987
889008108	1988
1070157101	1989
1228039095	1990
1024117359	1991
1009761977	1992
514426254	1993
702525250	1994
1232958649	1995
1211710036	1996
707841002	1997
1235772410	1998
709423498	1999
1181207884	2000
914717402	2001
810309103	2002
124951320	2003
67793123	2004
1113769	2005
527040506	2006
219854600	2007
715831085	2008
1157710941	2009
1206924180	2010
1106517664	2011
1213053412	2012
851312177	2013
888266687	2014
1059419789	2015
1132651578	2016
1173659914	2017
1180300749	2018
1040980573	2019
1017436075	2020
1206114277	2021
935419542	2022
1133269408	2023
969366484	2024
309928016	2025
948649269	2026
1160813801	2027
1108596584	2028
325946173	2029
1060255263	2030
1154654457	2031
917018384	2032
1091159459	2033
524426639	2034
1202862296	2035
898628431	2036
721252571	2037
649290843	2038
1188336503	2039
1190011015	2040
1023331053	2041
1066853925	2042
849549435	2043
218320758	2044
1172368044	2045
1047356522	2046
924953816	2047
1131123814	2048
1170773219	2049
1216248620	2050
985817491	2051
1203001322	2052
1099169871	2053
345893020	2054
862215436	2055
92480688	2056
1088052359	2057
1101038551	2058
1235771710	2059
1159660471	2060
1125780102	2061
927410798	2062
266791	2063
1110222215	2064
1159201590	2065
1104699217	2066
1177641540	2067
962179741	2068
860575440	2069
704038276	2070
842183206	2071
287621	2072
723175967	2073
1229533819	2074
1039431674	2075
1144490561	2076
967505731	2077
1239509898	2078
859691268	2079
1199067088	2080
1184466468	2081
926040601	2082
1115648366	2083
1074714565	2084
1180911694	2085
717496880	2086
1057719767	2087
1195891791	2088
1213593276	2089
875191332	2090
875646059	2091
940974355	2092
689267095	2093
1054479563	2094
937299749	2095
1041280302	2096
1065276677	2097
525266486	2098
1148305250	2099
1032854935	2100
844109187	2101
1122028064	2102
644227316	2103
1084481005	2104
243347358	2105
563375059	2106
339737139	2107
609205764	2108
928602989	2109
1228750693	2110
928713209	2111
528735902	2112
1047816111	2113
1096184193	2114
1148067169	2115
1063206898	2116
985515580	2117
293421238	2118
1160999039	2119
933997394	2120
1195865213	2121
143016922	2122
267723	2123
1193505039	2124
1210064352	2125
1129681311	2126
934049038	2127
1248421001	2128
711178401	2129
1085012019	2130
1099463067	2131
1206712196	2132
1156339557	2133
934428511	2134
1167087505	2135
1106283123	2136
1187951417	2137
1241167836	2138
1091370938	2139
1052215896	2140
983177479	2141
1076569792	2142
1050485499	2143
1075975249	2144
1136349054	2145
292603844	2146
706834715	2147
1145128505	2148
1215559726	2149
1121696697	2150
1111040084	2151
687056373	2152
1016921641	2153
1071899307	2154
1201024285	2155
1210044676	2156
1064638815	2157
913277447	2158
1197656710	2159
1094419878	2160
860211880	2161
690632337	2162
292281962	2163
907018844	2164
970434243	2165
524619205	2166
1104947801	2167
1167539739	2168
1032539161	2169
1091906860	2170
1041322229	2171
1160548578	2172
1108726799	2173
1236990813	2174
1132272825	2175
847321197	2176
1180426004	2177
1235756946	2178
861800131	2179
1034320335	2180
850797276	2181
701232650	2182
287718004	2183
1054239321	2184
874273283	2185
929650806	2186
703116503	2187
704078282	2188
1065967723	2189
1214523059	2190
1210474336	2191
923518187	2192
873275522	2193
930889019	2194
732588131	2195
383915253	2196
884202457	2197
346367093	2198
962684095	2199
701866181	2200
968330473	2201
1228861279	2202
1129255582	2203
1138933294	2204
1181513008	2205
1082353694	2206
881562026	2207
880950206	2208
1051977116	2209
1137065655	2210
980606426	2211
1092122852	2212
722510656	2213
320962336	2214
344645804	2215
1200175482	2216
1143976223	2217
1082518329	2218
964310078	2219
522205319	2220
525114221	2221
695155664	2222
326333494	2223
1226812670	2224
928558720	2225
695313511	2226
1066557975	2227
1065966992	2228
1085758178	2229
343914292	2230
423336056	2231
215476065	2232
321778246	2233
1145028375	2234
1133119285	2235
1211939615	2236
1189997805	2237
1208651258	2238
894676220	2239
928848117	2240
1180069718	2241
855530212	2242
857454298	2243
1059753458	2244
1137353861	2245
1081889310	2246
1214602288	2247
1185717435	2248
998229445	2249
982324142	2250
982226145	2251
700644001	2252
922663331	2253
465481655	2254
914288361	2255
144888639	2256
1075890408	2257
1143916960	2258
1171508661	2259
1070063489	2260
1153403680	2261
906644373	2262
1115721846	2263
1252077570	2264
609463265	2265
719509016	2266
1001245657	2267
563029963	2268
709331855	2269
568303243	2270
1101337464	2271
1188319079	2272
723057276	2273
1232472129	2274
1039970849	2275
329116346	2276
1093035079	2277
864565086	2278
472036252	2279
1242991912	2280
1116627926	2281
1088697692	2282
710772093	2283
1040914701	2284
850497677	2285
1082552787	2286
1215382862	2287
983103638	2288
1224547816	2289
1059853050	2290
1240108627	2291
1164854144	2292
940671200	2293
1215396759	2294
471978744	2295
1146183635	2296
574622530	2297
992568287	2298
1237067004	2299
1143625788	2300
1159809149	2301
1134838851	2302
871070198	2303
1172880546	2304
978084469	2305
1160008644	2306
1128297974	2307
1212098422	2308
1055919793	2309
860864085	2310
284619787	2311
1071526090	2312
976787022	2313
1063406153	2314
980810463	2315
958885459	2316
951620329	2317
938532403	2318
851163315	2319
951630303	2320
1177044048	2321
522832187	2322
721211673	2323
858108396	2324
1242783333	2325
977091128	2326
1193573016	2327
1189565150	2328
895119937	2329
1216168582	2330
976876408	2331
1191439152	2332
855225896	2333
1224057345	2334
1122791485	2335
289602039	2336
269271176	2337
465320209	2338
86813427	2339
1082434715	2340
1088098795	2341
1146973894	2342
847613523	2343
1133795288	2344
1133721800	2345
1074219549	2346
1073630273	2347
973414133	2348
851603400	2349
1096173989	2350
523783182	2351
953979054	2352
280258664	2353
1242131017	2354
1094456619	2355
1092487069	2356
1178287518	2357
860332516	2358
1088284370	2359
889398227	2360
1011556501	2361
1169624533	2362
865635618	2363
1213905569	2364
1217479721	2365
1075447272	2366
1111200188	2367
1040397912	2368
1224543819	2369
317269622	2370
882534445	2371
693768489	2372
978193007	2373
227187294	2374
1057418290	2375
1215732071	2376
1134126045	2377
966953359	2378
856978227	2379
1151141547	2380
1233959178	2381
895195854	2382
1177070929	2383
970446193	2384
1114874074	2385
845381458	2386
868498831	2387
893168950	2388
332950655	2389
1047332578	2390
382571126	2391
1059224327	2392
1226405768	2393
1207557260	2394
1199103998	2395
1220010599	2396
1225007232	2397
1224979006	2398
1249355643	2399
1240124304	2400
1195968616	2401
1149413804	2402
982816909	2403
1144448695	2404
949120461	2405
866464194	2406
328737322	2407
844489104	2408
888076643	2409
1248323537	2410
988002831	2411
878091175	2412
1212739568	2413
979570856	2414
1139991028	2415
1249437853	2416
1143518402	2417
289578171	2418
1007725040	2419
860484212	2420
1235903003	2421
246004310	2422
1129448760	2423
1243665888	2424
220954387	2425
1009014428	2426
1139395437	2427
1124244569	2428
1028058289	2429
1156260146	2430
1199440826	2431
933541420	2432
962964584	2433
1160815791	2434
929620991	2435
847718431	2436
1219654891	2437
878050325	2438
1136524402	2439
1063621098	2440
901385456	2441
308847013	2442
716383967	2443
1206931088	2444
1026232344	2445
1232942190	2446
1213045035	2447
920437613	2448
1232978780	2449
1214539829	2450
723619945	2451
952442596	2452
898457920	2453
564569249	2454
1092141102	2455
856770738	2456
1200972454	2457
1133287126	2458
1183934682	2459
1190150663	2460
648765185	2461
914206541	2462
1221003690	2463
1245628238	2464
1133263677	2465
1071906545	2466
977250547	2467
718638268	2468
688151422	2469
1148597128	2470
330810760	2471
934765079	2472
712520042	2473
847464674	2474
850599283	2475
1142385908	2476
224801890	2477
1184126048	2478
317100782	2479
1159093081	2480
1226013330	2481
943706980	2482
1065853688	2483
474404211	2484
1047624878	2485
1023532076	2486
1146977402	2487
566187766	2488
1210424580	2489
1135092498	2490
286176370	2491
1189038750	2492
994383026	2493
1146774978	2494
470359178	2495
1185606356	2496
922968230	2497
1202013277	2498
1199308063	2499
1090277660	2500
845183321	2501
879707151	2502
292852577	2503
933807663	2504
1213088627	2505
1241034640	2506
836749559	2507
972062085	2508
1122262942	2509
1108451528	2510
720294267	2511
279888583	2512
1105848097	2513
970127840	2514
227829273	2515
1158412559	2516
222166988	2517
936369086	2518
1230797078	2519
1082494094	2520
1164623265	2521
1092917126	2522
1217931096	2523
1179424782	2524
1210054355	2525
1110525868	2526
1095742446	2527
273231537	2528
707337486	2529
997688625	2530
844741612	2531
1049657608	2532
471767351	2533
845564778	2534
296111650	2535
845804336	2536
1217461314	2537
1032053399	2538
127966870	2539
346877844	2540
721600191	2541
1102459276	2542
916021619	2543
269111062	2544
325019013	2545
1172160868	2546
1138831855	2547
1190132297	2548
705375761	2549
895153041	2550
1038231156	2551
1136005029	2552
1140928922	2553
1055925255	2554
863100562	2555
287235396	2556
899035160	2557
326982492	2558
1027147164	2559
1125618347	2560
1132912168	2561
1035522491	2562
847457563	2563
1146606584	2564
1242980316	2565
1237517773	2566
1135082359	2567
1189125159	2568
238220204	2569
1192822719	2570
281144009	2571
890872921	2572
231896163	2573
219452494	2574
1179082269	2575
281825447	2576
1229844349	2577
1232641754	2578
1235173943	2579
859025795	2580
526594120	2581
1110023044	2582
1058585705	2583
1133665514	2584
1150550852	2585
1189532473	2586
881713942	2587
1082331093	2588
979387979	2589
1208119563	2590
293134065	2591
1133243905	2592
131629420	2593
213040449	2594
1228833936	2595
897099304	2596
1148368988	2597
899081271	2598
288379623	2599
1207631233	2600
928338498	2601
722799228	2602
212070756	2603
1170808253	2604
349481129	2605
1212057248	2606
1243552363	2607
1209336589	2608
1023351024	2609
525079241	2610
285885003	2611
964290035	2612
903295186	2613
1182122568	2614
1183035440	2615
1253077894	2616
913103430	2617
1057687685	2618
855140312	2619
1207593423	2620
1127404959	2621
1227514417	2622
1011257177	2623
965194458	2624
1131214610	2625
716666462	2626
336999218	2627
1129011127	2628
721135093	2629
1200528464	2630
896686408	2631
1005656525	2632
384542744	2633
509977432	2634
905983917	2635
1146252150	2636
943809005	2637
910158146	2638
1242996287	2639
1419793	2640
1059458925	2641
687133286	2642
916642402	2643
995687546	2644
1095199527	2645
875410642	2646
942084367	2647
1068110642	2648
1095146166	2649
850297597	2650
1133769480	2651
1051871907	2652
337693844	2653
1090029228	2654
686649253	2655
1241856350	2656
1115275430	2657
1114986185	2658
884032229	2659
288032684	2660
1106242644	2661
1024949861	2662
870842122	2663
1245425770	2664
1075255726	2665
1075287737	2666
863019715	2667
1074812388	2668
1164299806	2669
1173723699	2670
217646642	2671
219584720	2672
1207469178	2673
1206889145	2674
1141462379	2675
1071784568	2676
978254283	2677
1203541382	2678
1196671603	2679
851655377	2680
974802849	2681
846552385	2682
845091377	2683
280940	2684
217613088	2685
1172256843	2686
1023218475	2687
292145860	2688
1206811118	2689
235580625	2690
893176895	2691
686372013	2692
849380068	2693
1206022213	2694
996095291	2695
5992710	2696
1202878112	2697
1185659554	2698
987388103	2699
144687581	2700
924063566	2701
91097287	2702
289476675	2703
985445614	2704
1240080376	2705
1188397231	2706
1115114318	2707
939614546	2708
1249327186	2709
1135044536	2710
1134880500	2711
708594930	2712
947627521	2713
304507608	2714
303985011	2715
1223431878	2716
273697491	2717
1232641760	2718
924523516	2719
1143106126	2720
1139513270	2721
1057118920	2722
1207524087	2723
1097069479	2724
1213276853	2725
1182893500	2726
1126615634	2727
838154525	2728
1137357607	2729
955281296	2730
1052069319	2731
1120410721	2732
976915697	2733
884086885	2734
697350231	2735
1168483357	2736
1212342485	2737
1231451155	2738
1214409727	2739
1208743722	2740
895128198	2741
1179388769	2742
1094425058	2743
347075902	2744
849082067	2745
882711072	2746
972864873	2747
705952858	2748
876959979	2749
712286684	2750
1153598216	2751
690376360	2752
1052652040	2753
957413643	2754
1222294680	2755
220656236	2756
527140355	2757
286986500	2758
1143164090	2759
846236848	2760
1190351510	2761
897166460	2762
1199067594	2763
279685914	2764
1173182374	2765
1112431594	2766
856748433	2767
1134986921	2768
1248851320	2769
1051915806	2770
858052771	2771
1177226099	2772
570060994	2773
973001215	2774
693626858	2775
238231573	2776
248564200	2777
1213591036	2778
347796359	2779
285665197	2780
1187871572	2781
244935522	2782
713390720	2783
989081688	2784
1066099773	2785
1131994296	2786
1052428365	2787
922599010	2788
921715260	2789
991638617	2790
279694026	2791
292830626	2792
1098199435	2793
1002026053	2794
926707171	2795
1206056314	2796
1091850016	2797
899623694	2798
1241802578	2799
850829776	2800
1212160698	2801
1197333062	2802
1215362441	2803
235657023	2804
1128712019	2805
862299919	2806
526041998	2807
845109317	2808
1039525501	2809
527730098	2810
1128621887	2811
128458716	2812
969506993	2813
1124593302	2814
887174481	2815
1179618239	2816
1159837150	2817
1185604311	2818
715670521	2819
918998186	2820
350018290	2821
1059134594	2822
134932670	2823
718114400	2824
717902504	2825
1135427169	2826
1189570212	2827
1202937118	2828
1219454886	2829
1050421352	2830
917987346	2831
880274278	2832
1121745563	2833
524940241	2834
1117453062	2835
1095790480	2836
1116348694	2837
1139463655	2838
1096233818	2839
1052327164	2840
1228831097	2841
1214879237	2842
1197634330	2843
1082813691	2844
707578812	2845
1129949355	2846
927608735	2847
1133458298	2848
915049275	2849
280646582	2850
1015610131	2851
516698416	2852
1070993688	2853
811069100	2854
1056011560	2855
1206112219	2856
1210859553	2857
998583606	2858
884450398	2859
1225621512	2860
894094560	2861
267726	2862
1063670994	2863
1128617630	2864
1220792913	2865
1154783750	2866
1225909327	2867
1197369171	2868
1107571931	2869
919374012	2870
1225814939	2871
1207501259	2872
1204946522	2873
1235151155	2874
937311380	2875
974002144	2876
860263036	2877
292305797	2878
120870966	2879
852338005	2880
687766418	2881
1111495710	2882
976699160	2883
717241248	2884
848889638	2885
1089088773	2886
1244430505	2887
1157822066	2888
1221929139	2889
1140182884	2890
1054225127	2891
1083819008	2892
698507801	2893
1240847531	2894
1250052091	2895
899741166	2896
1187844416	2897
1208719752	2898
724186673	2899
1091973358	2900
1022130549	2901
1215762830	2902
906322006	2903
1235154007	2904
1231196967	2905
713834772	2906
1235774035	2907
1241762686	2908
1225770962	2909
1094669676	2910
963059576	2911
1064314696	2912
1136143641	2913
1125505812	2914
1120936845	2915
1108162790	2916
211881363	2917
26656800	2918
1212101266	2919
1173615561	2920
1155224732	2921
134557652	2922
1052028510	2923
1033082861	2924
1245395684	2925
1226225426	2926
1202792323	2927
1239606832	2928
1170413044	2929
881965762	2930
1195560314	2931
1119762287	2932
1117163996	2933
1245684035	2934
1027979271	2935
327987009	2936
1096464283	2937
1015793706	2938
1183078972	2939
1014922505	2940
1123563506	2941
285328332	2942
1235072547	2943
910112243	2944
1210299421	2945
1034163420	2946
1182076955	2947
524171543	2948
1200331581	2949
851112450	2950
288178211	2951
970425203	2952
937713839	2953
691121586	2954
969958772	2955
1195424010	2956
705386064	2957
277901304	2958
316719760	2959
845256163	2960
901657449	2961
721248558	2962
525096571	2963
961033258	2964
904380972	2965
1166547228	2966
1225492249	2967
1197714407	2968
138435384	2969
969494271	2970
927800816	2971
1158672664	2972
1225705652	2973
1135940114	2974
1025558458	2975
929498416	2976
931395130	2977
1109732437	2978
124721313	2979
970108731	2980
507103747	2981
810097412	2982
1131298218	2983
1157784087	2984
267494	2985
1122244502	2986
719305201	2987
989996751	2988
1052134699	2989
940017770	2990
1033861027	2991
1213025646	2992
1121822258	2993
1213763690	2994
1191779866	2995
458761255	2996
884671101	2997
946070683	2998
1159278221	2999
984790363	3000
1116131130	3001
86958317	3002
1072701313	3003
609326126	3004
1017819231	3005
1214680349	3006
1143723734	3007
860439741	3008
104756188	3009
994251208	3010
265579	3011
1145218077	3012
1210841780	3013
902194258	3014
887675908	3015
1107951896	3016
1122812057	3017
1194197911	3018
1213145800	3019
1243087678	3020
1178041695	3021
1151789924	3022
1020527293	3023
938605230	3024
1064465551	3025
1062216553	3026
1223973181	3027
1042098346	3028
853865612	3029
1098178335	3030
234716864	3031
1217891016	3032
687540146	3033
265371837	3034
694227039	3035
868455968	3036
1132117494	3037
1008346195	3038
1072669941	3039
1072076147	3040
856603056	3041
1239740124	3042
1240833523	3043
1028108304	3044
1027613527	3045
1027776514	3046
222399255	3047
1218029332	3048
563030323	3049
931353588	3050
1204601124	3051
1203965760	3052
971816032	3053
1115146474	3054
868297857	3055
1059623279	3056
894650874	3057
858913990	3058
1021132921	3059
968592681	3060
1215400015	3061
968354804	3062
891429323	3063
1087978102	3064
1047660125	3065
1052560570	3066
344792076	3067
1204116153	3068
282613338	3069
1245399291	3070
846717298	3071
836177121	3072
899640863	3073
881425620	3074
645714236	3075
1240881832	3076
1183917921	3077
698000127	3078
456981224	3079
1148287521	3080
1228790661	3081
873245941	3082
1166214066	3083
1139463463	3084
1055890992	3085
1187394207	3086
967272155	3087
1217674425	3088
1096944670	3089
1218865261	3090
1206122971	3091
1128932909	3092
1131242674	3093
882022630	3094
1194777647	3095
1096482920	3096
1243674618	3097
933525819	3098
1188684894	3099
1240264828	3100
474678053	3101
941357769	3102
982691871	3103
953083807	3104
323623056	3105
915022395	3106
910697587	3107
1220399680	3108
1159971172	3109
1166268773	3110
902286318	3111
1226766232	3112
718104186	3113
1208041882	3114
1192364272	3115
977429626	3116
1150199220	3117
245366206	3118
849698075	3119
852331598	3120
329163425	3121
965591290	3122
975381727	3123
1153235788	3124
1125689937	3125
1184224843	3126
1143567016	3127
1209411822	3128
852135632	3129
1241127099	3130
1130051626	3131
1046972438	3132
925619355	3133
333343164	3134
1063798496	3135
1083355632	3136
1205450638	3137
724264241	3138
958777102	3139
331655322	3140
888596720	3141
1159176309	3142
222407047	3143
564442089	3144
128183581	3145
116995624	3146
144390612	3147
1242989174	3148
893616001	3149
1199560296	3150
568872227	3151
1016234458	3152
1059717039	3153
889438281	3154
997900207	3155
566432204	3156
1180015705	3157
1241700119	3158
1235710276	3159
288161848	3160
1179009831	3161
1180383214	3162
321335516	3163
292001067	3164
1137769283	3165
987989176	3166
281914027	3167
1178172854	3168
851431431	3169
1241740705	3170
1144744875	3171
294348210	3172
984531510	3173
810611707	3174
1140453477	3175
1228819373	3176
1059038629	3177
1009448339	3178
1167609954	3179
1245560328	3180
1172560175	3181
1016865005	3182
1246722849	3183
1149560603	3184
1100182619	3185
463667634	3186
944136988	3187
129494391	3188
134790074	3189
976770158	3190
695455086	3191
886879065	3192
286844628	3193
882912473	3194
1004742170	3195
1097050461	3196
879393743	3197
1217054900	3198
1220266639	3199
1227918042	3200
973907803	3201
950783308	3202
1177261941	3203
1102446884	3204
1007874795	3205
1208571350	3206
1217925092	3207
345400823	3208
1205444782	3209
1078605874	3210
980125829	3211
1129837087	3212
1216991457	3213
1195917423	3214
1240759602	3215
690468554	3216
722124529	3217
699366050	3218
1234747133	3219
692110585	3220
1119668846	3221
1037940302	3222
565578117	3223
1152648093	3224
1219463380	3225
1119217971	3226
969277496	3227
929666871	3228
1206830250	3229
1184086821	3230
1233790526	3231
940351872	3232
1080914697	3233
901983049	3234
1130245222	3235
973428052	3236
1139706284	3237
1072067085	3238
1046203532	3239
899575213	3240
1076605794	3241
967543645	3242
419080503	3243
475654140	3244
133055893	3245
1027679407	3246
863299844	3247
1173537663	3248
1222232538	3249
350300586	3250
1012435019	3251
1073592327	3252
1199064283	3253
1106272491	3254
297859583	3255
524927174	3256
1120136801	3257
913376915	3258
611476190	3259
943604128	3260
1208545092	3261
133204999	3262
1156763662	3263
1119786420	3264
696181115	3265
710963666	3266
1136261148	3267
1212677473	3268
1229447467	3269
1214012004	3270
1209288319	3271
1178144806	3272
1164353849	3273
1167307321	3274
1154904022	3275
1213123475	3276
1048863264	3277
1232824976	3278
1240150931	3279
222883011	3280
1226760533	3281
572205861	3282
1157607140	3283
1223454478	3284
1224665171	3285
852498040	3286
950930381	3287
1210231352	3288
844728073	3289
925712918	3290
1152741933	3291
1139176473	3292
1082484847	3293
1096622755	3294
1139997902	3295
1127404668	3296
1149534559	3297
1193235267	3298
1218539988	3299
1132835498	3300
1184300578	3301
1022058689	3302
1189121132	3303
999927499	3304
716152093	3305
1059597317	3306
1205239045	3307
1109013963	3308
702915383	3309
901261699	3310
878103493	3311
1132326163	3312
113372876	3313
1210331184	3314
1189953009	3315
1136478012	3316
873916524	3317
854863119	3318
933092196	3319
288578859	3320
1212740958	3321
991763167	3322
335824282	3323
1180051745	3324
989933253	3325
284930991	3326
1236264216	3327
857271003	3328
1052238662	3329
1246228273	3330
1082647207	3331
979069364	3332
1091926566	3333
1099499095	3334
1085346785	3335
267767284	3336
706033152	3337
1048298570	3338
1076110472	3339
1200934189	3340
1190198622	3341
1166320717	3342
862842587	3343
1035286081	3344
1202625167	3345
1203421317	3346
282840164	3347
143017378	3348
712240209	3349
1160781307	3350
1159400374	3351
1216196112	3352
887199221	3353
1012486432	3354
880265018	3355
853947361	3356
857692964	3357
1187406595	3358
1199214085	3359
1165393367	3360
1097278256	3361
1124749677	3362
992084021	3363
991729955	3364
963020096	3365
1218429840	3366
650452071	3367
937048111	3368
853320595	3369
321508246	3370
944384780	3371
272215665	3372
332717600	3373
1219486354	3374
886371827	3375
879045114	3376
1231868658	3377
1044575176	3378
1244414542	3379
909743271	3380
1239432296	3381
900409360	3382
907728962	3383
1021624083	3384
1147645783	3385
898601255	3386
1195516064	3387
868787761	3388
941774258	3389
1189849218	3390
719356431	3391
279773189	3392
1099429291	3393
645392982	3394
915656382	3395
873471107	3396
1120506493	3397
209977448	3398
970200769	3399
915467646	3400
1212101273	3401
721342855	3402
468776204	3403
971532022	3404
1235365676	3405
1113340494	3406
1141648971	3407
1201525382	3408
211287451	3409
611144061	3410
568849622	3411
812478442	3412
686775434	3413
385110161	3414
1244418126	3415
1189919088	3416
263614	3417
1005992314	3418
383579209	3419
899563645	3420
989561818	3421
564793481	3422
1023509024	3423
1094166568	3424
1198469193	3425
1178344006	3426
837594185	3427
1135515306	3428
1235655772	3429
573899281	3430
855951424	3431
1197989369	3432
416845096	3433
1185064016	3434
1190830099	3435
1220513581	3436
1223128867	3437
842797110	3438
1246767805	3439
226660726	3440
1109054125	3441
924891913	3442
696704326	3443
687880075	3444
1130497112	3445
877820491	3446
298961741	3447
1206885402	3448
864393261	3449
220996571	3450
345622558	3451
287682008	3452
1037190368	3453
1228537792	3454
1214232891	3455
1223887864	3456
868757769	3457
928935894	3458
1212057507	3459
1065635849	3460
1120681008	3461
1238727916	3462
950375102	3463
941198291	3464
870723681	3465
1223271503	3466
96116470	3467
686952044	3468
1228529348	3469
866411505	3470
1216859352	3471
1226878799	3472
1023310420	3473
1086607063	3474
1146185555	3475
1145513047	3476
1198403267	3477
1097020049	3478
887534040	3479
1199580597	3480
1151618607	3481
1096422938	3482
1139981332	3483
1072755362	3484
947541354	3485
923277787	3486
936394159	3487
1202896371	3488
810623814	3489
919546122	3490
1192366592	3491
970047188	3492
1222505953	3493
1125016010	3494
1052471531	3495
1126266237	3496
857770949	3497
945787268	3498
1036487793	3499
1246629777	3500
1248857513	3501
213076389	3502
271208266	3503
1170920336	3504
95587122	3505
1221218660	3506
1006967260	3507
418510844	3508
1168549914	3509
701709143	3510
707007898	3511
1090312859	3512
1235648634	3513
144134372	3514
1020376402	3515
917285506	3516
976843706	3517
1131486200	3518
563685007	3519
810797466	3520
1247079203	3521
1065838247	3522
1150755198	3523
1171455300	3524
645810439	3525
1212003727	3526
1181550070	3527
1185951997	3528
1183984634	3529
969277824	3530
644448878	3531
1228027813	3532
1216909153	3533
935407520	3534
1098197004	3535
976411556	3536
1067902259	3537
1192431726	3538
1143170301	3539
1143186157	3540
1199542712	3541
1165145556	3542
1059571692	3543
855699737	3544
1061438010	3545
1199538696	3546
1220830817	3547
13109861	3548
1200948647	3549
709609298	3550
810251121	3551
925297307	3552
1196901640	3553
1241307786	3554
1232824857	3555
1095773822	3556
1120569632	3557
204402607	3558
719367037	3559
1213055284	3560
1133434879	3561
1148904973	3562
326854574	3563
946849530	3564
326349306	3565
923776711	3566
1019864865	3567
1228165801	3568
971351396	3569
383589526	3570
850700783	3571
714408307	3572
1201012240	3573
1213928175	3574
708174418	3575
1117511772	3576
312802001	3577
1065572764	3578
712096479	3579
848320219	3580
1225855703	3581
1194707518	3582
1197054534	3583
1190883792	3584
1090246634	3585
947655413	3586
1213180636	3587
1100890307	3588
1164542610	3589
1082337817	3590
1203529664	3591
288337654	3592
1156158496	3593
297517630	3594
866514843	3595
1145128450	3596
937076387	3597
1212669469	3598
1122016695	3599
1182560039	3600
200203783	3601
1129646176	3602
858589228	3603
1102150101	3604
1019304605	3605
1103201687	3606
1117867384	3607
857690411	3608
946768880	3609
953544368	3610
874518305	3611
1023112560	3612
1176139467	3613
1037002837	3614
1145882018	3615
928757895	3616
1111961644	3617
1084434891	3618
924930059	3619
287999845	3620
690977235	3621
1211969048	3622
1228824964	3623
235657189	3624
332516326	3625
332347627	3626
565296165	3627
1092859817	3628
1139941930	3629
853619695	3630
1075884100	3631
1215391372	3632
1189121921	3633
876346999	3634
1011461002	3635
960923464	3636
1216999653	3637
1219774877	3638
707176196	3639
1148591383	3640
990735933	3641
950081053	3642
471972141	3643
1012251720	3644
999746522	3645
976660073	3646
1184262459	3647
1205387759	3648
1200946454	3649
1203489470	3650
888484324	3651
858682146	3652
1088097076	3653
854565600	3654
1175077125	3655
527018975	3656
287729103	3657
1149792920	3658
1017788956	3659
1165071100	3660
70353085	3661
1147375902	3662
997496219	3663
998694552	3664
1155352806	3665
288756825	3666
1132891515	3667
1227493563	3668
1137266066	3669
1219434456	3670
1142460895	3671
1142356605	3672
1134741058	3673
937063261	3674
222524076	3675
1246794454	3676
695145539	3677
1123896151	3678
692404306	3679
1083459869	3680
1105385058	3681
967358112	3682
1195228174	3683
1147267724	3684
1000638109	3685
1235867902	3686
423995173	3687
990950923	3688
1138941982	3689
705478207	3690
1200221899	3691
137326934	3692
522868028	3693
1219430045	3694
474277277	3695
1171827505	3696
1106607466	3697
687230419	3698
846413616	3699
855488058	3700
1214275819	3701
1246230409	3702
1214718611	3703
1194743550	3704
1235732568	3705
209704622	3706
215482202	3707
989260053	3708
1231822558	3709
932260216	3710
1011778453	3711
1229589676	3712
1023198790	3713
957644451	3714
861566072	3715
1005431925	3716
1096176480	3717
1164397308	3718
708126783	3719
1030897236	3720
1213789339	3721
1186922761	3722
323773123	3723
1208689407	3724
1203485652	3725
460721623	3726
885794508	3727
854621051	3728
297682300	3729
906389757	3730
916882508	3731
1225165742	3732
1147931430	3733
901369784	3734
1165288084	3735
348004372	3736
644835510	3737
647411356	3738
962835679	3739
979985887	3740
1226616302	3741
1234458958	3742
866305948	3743
288338007	3744
953791522	3745
1233818919	3746
1129936634	3747
645009157	3748
1109718626	3749
703739364	3750
1177044586	3751
305561882	3752
1119577000	3753
725761118	3754
1199520199	3755
955034981	3756
1178796488	3757
1237977380	3758
1163167465	3759
899122718	3760
1112355582	3761
1149056328	3762
1195886132	3763
1195884125	3764
1162944304	3765
1064551222	3766
384886674	3767
851772352	3768
948758580	3769
913791015	3770
291613904	3771
263341	3772
978839239	3773
288279096	3774
1233905061	3775
1229866834	3776
716009097	3777
862009506	3778
947220766	3779
1138517209	3780
696481109	3781
1213119186	3782
1022094502	3783
1197149231	3784
1115013359	3785
466252764	3786
1023472385	3787
926889088	3788
1596494	3789
144390354	3790
100068525	3791
222989536	3792
1197844981	3793
328671204	3794
269023813	3795
1074852094	3796
906035747	3797
1132591473	3798
1225713612	3799
468201063	3800
970159351	3801
1219484036	3802
289580167	3803
1225180436	3804
289584167	3805
1219208522	3806
319422546	3807
689291356	3808
859483488	3809
852834446	3810
645338122	3811
1085335426	3812
1214899195	3813
1227228046	3814
1226880622	3815
1091453028	3816
933122680	3817
901374385	3818
1216568548	3819
967602788	3820
713401321	3821
843854609	3822
325401794	3823
810443518	3824
995815622	3825
865876796	3826
898878079	3827
1189078046	3828
1248245865	3829
866075660	3830
1242163284	3831
1216691100	3832
1250072107	3833
417011540	3834
970876338	3835
712340384	3836
906765515	3837
863858439	3838
878616324	3839
902167104	3840
1238252049	3841
234897926	3842
946072257	3843
969176982	3844
1224957210	3845
1116089278	3846
881369618	3847
1052881389	3848
1188150642	3849
1188142592	3850
1232647832	3851
1170349394	3852
1194727008	3853
1141310520	3854
292279599	3855
1089710460	3856
885715361	3857
997900084	3858
997805513	3859
1109109304	3860
1129106756	3861
1222239674	3862
1164417039	3863
1071599054	3864
573388219	3865
1209375013	3866
1195837271	3867
851942504	3868
1146347417	3869
880483098	3870
286944578	3871
1056323187	3872
1140000358	3873
696294137	3874
913049247	3875
1246756619	3876
877481996	3877
960439389	3878
959481470	3879
1167269883	3880
959186209	3881
1217138125	3882
1106361467	3883
275328	3884
1020842690	3885
1067646035	3886
876894086	3887
1141218295	3888
1160753668	3889
1237479825	3890
1208547457	3891
999807556	3892
877604571	3893
907643202	3894
1121953297	3895
876755793	3896
917453386	3897
1136367045	3898
858642101	3899
1064767524	3900
1243013227	3901
1127824109	3902
979792149	3903
1168871560	3904
724259492	3905
865321151	3906
1219684298	3907
1100817766	3908
917358048	3909
1222408033	3910
1167809003	3911
863559031	3912
1159219791	3913
994911079	3914
1015417814	3915
997625608	3916
1184175944	3917
1200984180	3918
925728800	3919
705370100	3920
1220210771	3921
901038455	3922
908030552	3923
273184655	3924
977023904	3925
1059819276	3926
1059541660	3927
1098433024	3928
1093944215	3929
1059478140	3930
1234005993	3931
1058834531	3932
1059084679	3933
1058834449	3934
1059174590	3935
564397190	3936
711845026	3937
288135835	3938
884160365	3939
708473673	3940
1223403772	3941
916053588	3942
1222402025	3943
1224285997	3944
1157378085	3945
1152109273	3946
384221547	3947
1070499383	3948
1076705755	3949
1162914640	3950
1124214350	3951
1204525774	3952
1196386159	3953
1105679193	3954
1100230262	3955
1198374458	3956
875625655	3957
249479372	3958
686722383	3959
964375079	3960
300189557	3961
1088769712	3962
1138676658	3963
313558188	3964
1188355458	3965
222862319	3966
1185525197	3967
220943301	3968
861612590	3969
1173249571	3970
281572159	3971
281293197	3972
1100372914	3973
1205921808	3974
1118645404	3975
1142120497	3976
1064366749	3977
850968078	3978
1135924136	3979
1201807044	3980
1091483884	3981
205920430	3982
1061544570	3983
1177189271	3984
1204940571	3985
812242397	3986
917304260	3987
1206905000	3988
1025940185	3989
1097431473	3990
1096382534	3991
1087319753	3992
869691060	3993
910430729	3994
861166007	3995
1046909259	3996
1211730644	3997
1081828370	3998
837265257	3999
976903476	4000
859551066	4001
716570143	4002
850820438	4003
873749075	4004
208341188	4005
918871522	4006
962817852	4007
529117098	4008
911501057	4009
332527304	4010
1024630445	4011
844863152	4012
1122813942	4013
287496710	4014
718539203	4015
837055900	4016
1022929858	4017
932275231	4018
1235188453	4019
713718903	4020
1216802309	4021
719161180	4022
1029978604	4023
528981120	4024
1041529600	4025
1184722097	4026
522643704	4027
1199586353	4028
1074515293	4029
1079024201	4030
1224995391	4031
871639211	4032
284231783	4033
1186507622	4034
1193425946	4035
951773411	4036
950945341	4037
708598942	4038
288240703	4039
953975349	4040
265797974	4041
1101407006	4042
1100218836	4043
1085614358	4044
1248939403	4045
1236236850	4046
1247559965	4047
1248845892	4048
1241165348	4049
1221974608	4050
865592123	4051
885683225	4052
287498618	4053
208554977	4054
280550665	4055
1152283900	4056
528704347	4057
565336252	4058
923045399	4059
349422143	4060
1023428242	4061
1148011979	4062
1139097165	4063
1111612346	4064
1112503811	4065
1052239696	4066
344913418	4067
874492324	4068
1221290592	4069
1236540732	4070
1193540122	4071
1208163397	4072
1206118252	4073
1205991627	4074
1227152150	4075
1213837832	4076
1114501381	4077
927201896	4078
948064540	4079
1096452305	4080
1145772773	4081
1182193895	4082
1168679687	4083
1097559477	4084
1201592428	4085
856757145	4086
872065176	4087
1141726936	4088
1226973441	4089
1236474963	4090
1065584003	4091
1082789313	4092
961818109	4093
854866753	4094
216600773	4095
983117557	4096
1123887647	4097
1091445046	4098
1051043186	4099
982014370	4100
297470037	4101
719185209	4102
1211064067	4103
858385493	4104
879701147	4105
1218029824	4106
1161429518	4107
876266593	4108
1216168327	4109
1228349285	4110
1165095998	4111
1145716302	4112
1206058648	4113
127619807	4114
1173251475	4115
569783465	4116
1250986561	4117
854421040	4118
871329288	4119
953792067	4120
934658453	4121
1027138563	4122
1126823859	4123
870054200	4124
1116275369	4125
1193949360	4126
913939019	4127
1104525033	4128
1239195261	4129
1145784950	4130
1146440696	4131
1147098108	4132
1147067114	4133
968319880	4134
1106588828	4135
1057355906	4136
1175555841	4137
1190315479	4138
1229789623	4139
134906942	4140
1231884806	4141
1241756844	4142
709095453	4143
876222552	4144
1189113063	4145
465467741	4146
1036766721	4147
1205516843	4148
927940847	4149
1038626720	4150
1051070462	4151
710681153	4152
1223387094	4153
711001229	4154
1138044245	4155
1242979216	4156
527124353	4157
980160237	4158
980536081	4159
525961218	4160
1049028649	4161
848538262	4162
706091817	4163
838392747	4164
574232318	4165
947232990	4166
881413395	4167
1162986036	4168
1196621511	4169
1216299439	4170
1209459126	4171
1211616241	4172
228540019	4173
1202727111	4174
1123782416	4175
978157412	4176
969151083	4177
1152106056	4178
1196639975	4179
1196695379	4180
607461454	4181
993216121	4182
695942597	4183
1213328882	4184
996409431	4185
977742150	4186
1201599164	4187
947233623	4188
1064577734	4189
1235843673	4190
1003371267	4191
724035280	4192
995829782	4193
969576946	4194
1163695585	4195
1227419487	4196
851748947	4197
869300755	4198
849387112	4199
1117787983	4200
928405419	4201
704177080	4202
838250722	4203
1035434705	4204
1137951829	4205
926068322	4206
845202505	4207
1091053467	4208
251944392	4209
708166270	4210
1243665002	4211
144565643	4212
1247392011	4213
1238725098	4214
471860794	4215
1110960579	4216
852131603	4217
525847001	4218
1072573952	4219
644597559	4220
713505571	4221
1226286131	4222
1106588262	4223
1107743484	4224
1156176425	4225
1235849172	4226
264529	4227
1139969384	4228
724243691	4229
1172601820	4230
346060809	4231
1233941661	4232
1143792458	4233
979458228	4234
267758153	4235
1205290154	4236
1173647119	4237
1125321322	4238
1165790382	4239
946459549	4240
1015154231	4241
1146587204	4242
1181251228	4243
1179117894	4244
976665736	4245
206855026	4246
972865457	4247
1130592803	4248
1139043473	4249
523871584	4250
464210011	4251
1040434252	4252
1023703162	4253
345497622	4254
917098358	4255
914893768	4256
1040008017	4257
933082403	4258
1121715844	4259
1066153417	4260
287251969	4261
973083085	4262
220171366	4263
847954734	4264
858117818	4265
1187951301	4266
1086313609	4267
1250561666	4268
143481671	4269
1001101111	4270
1249003427	4271
716817523	4272
932423376	4273
897628648	4274
289149228	4275
1228039374	4276
858103345	4277
1240505570	4278
980496768	4279
1047363442	4280
570554600	4281
245687668	4282
864431154	4283
1210044575	4284
1244962918	4285
713199646	4286
1066811665	4287
964743333	4288
575488832	4289
1245897412	4290
895662088	4291
1090142937	4292
1171641746	4293
1151748089	4294
883567816	4295
1021742426	4296
1132446887	4297
608641215	4298
286876699	4299
472546891	4300
1129407433	4301
1094164116	4302
716370628	4303
208176057	4304
278933975	4305
1123467	4306
839368235	4307
1236462641	4308
974226096	4309
1237941017	4310
1011306436	4311
1224845286	4312
1041558904	4313
880671075	4314
1094059186	4315
1250557150	4316
1151679596	4317
1152360554	4318
1088800020	4319
566576824	4320
1235261347	4321
1068701670	4322
1157399863	4323
719284165	4324
888904830	4325
900257366	4326
97466222	4327
609059757	4328
844203752	4329
1215404874	4330
287424830	4331
314521314	4332
217403196	4333
235440230	4334
692703647	4335
1189131478	4336
1213328456	4337
1243606198	4338
910170087	4339
958417458	4340
1215284572	4341
872648262	4342
1218973690	4343
863477537	4344
1092912472	4345
1109447453	4346
519902077	4347
853351679	4348
894507005	4349
996590408	4350
846931949	4351
900592093	4352
1189546042	4353
1068862316	4354
850842100	4355
719270173	4356
928835801	4357
266142	4358
1090608373	4359
1091415945	4360
957794652	4361
991383583	4362
331875637	4363
286038	4364
280302661	4365
289576203	4366
1222091835	4367
1240049518	4368
262434	4369
1052387704	4370
1192656	4371
1163417765	4372
124720904	4373
1250575690	4374
524950580	4375
863525521	4376
900050235	4377
86965546	4378
1022074841	4379
868162397	4380
810789233	4381
1127270468	4382
1193369123	4383
1219464614	4384
1085758297	4385
214921526	4386
1057142367	4387
1229061270	4388
1082752386	4389
1183232019	4390
1207639220	4391
1207589307	4392
250846581	4393
1219462438	4394
1168437357	4395
859907848	4396
998657525	4397
862560108	4398
1085950024	4399
1118195059	4400
880183590	4401
1115026672	4402
1106533665	4403
1099382734	4404
221207588	4405
1144592526	4406
1194857599	4407
1084145393	4408
1096444304	4409
953989430	4410
941393716	4411
976697069	4412
1098423896	4413
305494713	4414
852776120	4415
863571504	4416
417860629	4417
693207085	4418
850559806	4419
1149568197	4420
1243037374	4421
895796153	4422
269101527	4423
1187730148	4424
1213913604	4425
982086465	4426
117922509	4427
116252773	4428
1247571861	4429
1079995838	4430
1214580448	4431
1234685346	4432
976251004	4433
645017922	4434
1099610933	4435
1244086412	4436
1234448890	4437
1155208949	4438
1251203709	4439
1200512002	4440
116253344	4441
1050651703	4442
1085677362	4443
1179610207	4444
947843487	4445
973554697	4446
515725413	4447
861629816	4448
848889726	4449
849000744	4450
220754258	4451
720342209	4452
1240673892	4453
1196661469	4454
1023587376	4455
1107980230	4456
1126057713	4457
281902113	4458
1215310559	4459
458061409	4460
903287381	4461
976912000	4462
986484424	4463
710994272	4464
1227960495	4465
1213905110	4466
241590058	4467
1212051886	4468
722399356	4469
901126352	4470
909214033	4471
865811260	4472
1023192382	4473
976569712	4474
1133261081	4475
971103950	4476
1050701423	4477
575520868	4478
1141693980	4479
1199232099	4480
1052007700	4481
908029115	4482
1092148636	4483
1140417744	4484
1052909064	4485
1204950548	4486
1143891720	4487
976179279	4488
1146251358	4489
279523576	4490
1221968745	4491
976419541	4492
1058885227	4493
1130208477	4494
889646634	4495
1021186093	4496
846420225	4497
1158888455	4498
1074814352	4499
1229003910	4500
1189066042	4501
937778907	4502
696069581	4503
712399267	4504
62125993	4505
1035057876	4506
126955848	4507
863335317	4508
648515444	4509
1196895896	4510
845280906	4511
835915015	4512
1240721091	4513
977114639	4514
1233893189	4515
917593016	4516
1241700778	4517
212658508	4518
1145475202	4519
1247559169	4520
696548520	4521
1173609632	4522
859645320	4523
904677266	4524
890102715	4525
1202759086	4526
967572094	4527
1112744555	4528
1223723982	4529
508401531	4530
1126827775	4531
1027599067	4532
971278496	4533
1054549382	4534
569556721	4535
1201480531	4536
1209390916	4537
868875104	4538
143582547	4539
932099882	4540
1141158272	4541
1158189219	4542
134934514	4543
208739850	4544
1064226827	4545
1158458285	4546
1249386500	4547
948331581	4548
1198964170	4549
853389088	4550
288779259	4551
343501876	4552
1235749778	4553
1240160216	4554
962866673	4555
1120115935	4556
222188325	4557
1105067557	4558
706452766	4559
1237140151	4560
927890799	4561
1094406268	4562
1244508541	4563
1247565535	4564
876236374	4565
1124270481	4566
1110169212	4567
1038080198	4568
1233780672	4569
960925336	4570
895772117	4571
701807095	4572
277009592	4573
303178768	4574
873431272	4575
1131334302	4576
1190836822	4577
1052646068	4578
1001861104	4579
1232478059	4580
1100823594	4581
712098713	4582
1246675150	4583
1178184915	4584
1194258239	4585
1190192422	4586
1194800787	4587
324088683	4588
1249702985	4589
1180975968	4590
1177314030	4591
1053298455	4592
1160695457	4593
861512668	4594
249771962	4595
1160767331	4596
1095736061	4597
888519278	4598
928867769	4599
719495232	4600
1111915923	4601
866147558	4602
1244707080	4603
1016103696	4604
1104958311	4605
1219439529	4606
1219640642	4607
989317875	4608
1245034359	4609
321544838	4610
699376423	4611
1126069606	4612
222188337	4613
221217165	4614
1138354336	4615
1123357343	4616
1195865854	4617
1105945421	4618
925896328	4619
1058282747	4620
1142656446	4621
1116346	4622
1014708066	4623
892648283	4624
918678374	4625
1005092070	4626
999928365	4627
1212051185	4628
985727733	4629
1009566361	4630
1116202951	4631
204903014	4632
1103262331	4633
1245549876	4634
719096201	4635
1150211272	4636
1159024925	4637
1132152072	4638
1161365386	4639
1023358122	4640
469154009	4641
1142520979	4642
1093402880	4643
1125660351	4644
1187891441	4645
1182196900	4646
1092481047	4647
1094407606	4648
1192770436	4649
350188141	4650
1160017361	4651
1131571728	4652
1130473035	4653
1131533909	4654
1161476254	4655
1027924486	4656
883147255	4657
922357204	4658
1160011101	4659
1117716141	4660
846237931	4661
1117558183	4662
1223047199	4663
1225398022	4664
1196683480	4665
921761122	4666
1150876471	4667
1101742535	4668
979990663	4669
1064437086	4670
1047655986	4671
1219280604	4672
1225468013	4673
961314398	4674
1160659683	4675
724640556	4676
858961268	4677
997909272	4678
573294331	4679
203284060	4680
200658862	4681
271690236	4682
467928784	4683
1095215164	4684
1220327345	4685
847675744	4686
1214277490	4687
1097082145	4688
846633358	4689
1018831795	4690
807445081	4691
1061369648	4692
84765733	4693
977691699	4694
972132410	4695
867558071	4696
1131409125	4697
901299397	4698
1217050871	4699
295743890	4700
933018581	4701
1227440062	4702
1027344527	4703
1039087937	4704
565221159	4705
292291574	4706
846847537	4707
313946824	4708
1204954295	4709
1207471350	4710
1091413152	4711
1139300851	4712
128511830	4713
964047511	4714
950023351	4715
878388603	4716
1162344512	4717
1096575352	4718
981860010	4719
978157092	4720
857099159	4721
263343	4722
850236082	4723
649344037	4724
989175539	4725
294175230	4726
1213049870	4727
1205004414	4728
267496	4729
712504182	4730
1196934876	4731
251970722	4732
349660257	4733
1137311365	4734
1053581228	4735
866850296	4736
1182187472	4737
472506159	4738
1243520249	4739
1016112628	4740
279963314	4741
686141465	4742
1214405758	4743
895934511	4744
928494166	4745
1167692730	4746
506729314	4747
1209360285	4748
720621146	4749
917981691	4750
289809037	4751
1116044968	4752
562805993	4753
844315395	4754
860774293	4755
1223630993	4756
267614305	4757
1109436339	4758
1088260181	4759
1125097319	4760
893739132	4761
1183145806	4762
1144705037	4763
1201568942	4764
1215305994	4765
845718227	4766
966867474	4767
91320380	4768
280258738	4769
1055308516	4770
892284057	4771
1229923210	4772
329425577	4773
953246782	4774
1066436871	4775
880870100	4776
855751063	4777
865916516	4778
133156138	4779
1182008984	4780
1153980475	4781
1151341570	4782
1240204918	4783
1219481314	4784
1240436	4785
985958214	4786
1234962686	4787
268478154	4788
1201999381	4789
1117766348	4790
998559240	4791
1170289614	4792
851944310	4793
708690525	4794
229505081	4795
1191277045	4796
943560252	4797
563607110	4798
1107482360	4799
1014787938	4800
896956167	4801
1200996574	4802
279686023	4803
706087214	4804
1058440315	4805
1222436586	4806
1129439078	4807
1064560058	4808
940642584	4809
1199560329	4810
1199582661	4811
1248439648	4812
942455068	4813
1210492515	4814
126348131	4815
525266307	4816
981246211	4817
1141590035	4818
1194115255	4819
710838346	4820
844760504	4821
862204245	4822
243078869	4823
222321013	4824
907142465	4825
1231044845	4826
1210394205	4827
1196623240	4828
1105247861	4829
1098726982	4830
1034654480	4831
649723051	4832
317778425	4833
869562723	4834
1222388319	4835
965247630	4836
929211095	4837
229395315	4838
912566693	4839
1205915164	4840
1092226661	4841
724552166	4842
271377	4843
938337636	4844
1130031048	4845
1148674947	4846
1237431998	4847
1212110274	4848
1056922766	4849
1040502070	4850
1151496915	4851
719601069	4852
963662349	4853
1190883381	4854
285691428	4855
870140940	4856
340393097	4857
1173972524	4858
1159992725	4859
645470219	4860
1227455927	4861
1212794808	4862
286986247	4863
1113615181	4864
282463985	4865
718146325	4866
998691109	4867
863963219	4868
1187764181	4869
1234528765	4870
133371389	4871
1088261293	4872
221201677	4873
1100757564	4874
971851026	4875
608097053	4876
525387217	4877
123047701	4878
91355546	4879
572632189	4880
1052585254	4881
1066212638	4882
227467383	4883
609888366	4884
715916239	4885
987134434	4886
987435225	4887
316311364	4888
1207567175	4889
809348126	4890
287681165	4891
903488145	4892
959055293	4893
1023130169	4894
268780503	4895
1165325434	4896
883207172	4897
1039649026	4898
706796478	4899
424253212	4900
846150076	4901
289041697	4902
1131788667	4903
221942092	4904
237524078	4905
332608106	4906
1210418285	4907
272211438	4908
1015039641	4909
563916898	4910
383597776	4911
313498197	4912
1078232896	4913
863379005	4914
1183198524	4915
853548129	4916
1216174785	4917
1101552867	4918
966021802	4919
302731972	4920
1200970438	4921
1186403855	4922
282607476	4923
1198993162	4924
857150490	4925
1227841519	4926
1041167582	4927
709410165	4928
945812411	4929
1052740240	4930
213389921	4931
1156202527	4932
686700133	4933
685739113	4934
1107031126	4935
385158242	4936
1222450608	4937
339506040	4938
1132889450	4939
1244799897	4940
1246798642	4941
1110031226	4942
1039992614	4943
1154901898	4944
287414073	4945
712233512	4946
695695157	4947
1133307097	4948
1181147860	4949
1143745139	4950
1012240566	4951
929828345	4952
873952666	4953
278834221	4954
1244735662	4955
1112204045	4956
1168569891	4957
1104077314	4958
1098675951	4959
1229505624	4960
850495206	4961
1128707438	4962
1038982761	4963
912346296	4964
856943340	4965
847778950	4966
1023455636	4967
1144150967	4968
1067968906	4969
134244889	4970
305623865	4971
1167294549	4972
889996533	4973
1235263490	4974
1166820933	4975
1171883053	4976
1190557094	4977
1162289980	4978
1083270489	4979
1065641969	4980
1015596950	4981
874000265	4982
242968154	4983
1222452475	4984
249323025	4985
917907472	4986
880210525	4987
1091060952	4988
29958701	4989
1161427467	4990
1001108647	4991
1002593011	4992
871422013	4993
972705235	4994
1035665629	4995
1116806556	4996
1240074263	4997
877148008	4998
1051692303	4999
293325954	5000
205466653	5001
1053431488	5002
1199550826	5003
1239473275	5004
286300040	5005
859368329	5006
209974490	5007
928404839	5008
973595234	5009
1198031060	5010
1172976229	5011
911113421	5012
266504559	5013
1173361229	5014
1173038055	5015
1125048316	5016
1251181848	5017
1012261552	5018
1220995189	5019
863343783	5020
215311653	5021
858677037	5022
215309650	5023
235041989	5024
941684169	5025
1232960342	5026
852471390	5027
1110182209	5028
1052444679	5029
690572158	5030
710385141	5031
710975654	5032
900324874	5033
925598171	5034
1219110531	5035
1140151700	5036
1243833262	5037
1001119118	5038
526572083	5039
1235190424	5040
1067765875	5041
1093886476	5042
1176169425	5043
287368176	5044
1204619729	5045
421802928	5046
980684554	5047
288634616	5048
848172314	5049
1082556595	5050
1226796163	5051
865462558	5052
1233790666	5053
1189083159	5054
965666221	5055
289606021	5056
925218894	5057
236743581	5058
877650856	5059
717637056	5060
207183311	5061
1222813847	5062
701252681	5063
1051950665	5064
1251991845	5065
218635469	5066
529423519	5067
982399110	5068
1051886199	5069
1130095790	5070
858149322	5071
928940543	5072
1054776982	5073
337691633	5074
1243126063	5075
1246139116	5076
1031528147	5077
1151426640	5078
839208880	5079
854197403	5080
983819649	5081
1220471144	5082
860261700	5083
1054961981	5084
858938996	5085
1093432869	5086
222887961	5087
864085157	5088
1140121947	5089
894865836	5090
1075453048	5091
1213082795	5092
1032794791	5093
939640559	5094
347788661	5095
1035892500	5096
1052403954	5097
718382095	5098
1159679526	5099
248952188	5100
251017438	5101
992335030	5102
1246629707	5103
1104534330	5104
852886393	5105
1240125442	5106
893937435	5107
900460562	5108
992044994	5109
1108618243	5110
262432	5111
217589499	5112
917071685	5113
958475792	5114
936157721	5115
935124711	5116
709368373	5117
221093135	5118
933116288	5119
1023854039	5120
898134336	5121
644711534	5122
1132695454	5123
94876218	5124
852061406	5125
1145102186	5126
1153046531	5127
292112988	5128
985253287	5129
1251067700	5130
935371007	5131
91885302	5132
1109626329	5133
1117040657	5134
1221532281	5135
219876396	5136
1201018121	5137
808473148	5138
1016123654	5139
987217381	5140
848842104	5141
881222127	5142
1129966240	5143
1097399314	5144
927482751	5145
1072490075	5146
1059121419	5147
963918604	5148
1179538771	5149
925612687	5150
868716929	5151
1057585716	5152
843097288	5153
318465565	5154
1130447633	5155
973519533	5156
1202023432	5157
914041068	5158
926797849	5159
982397118	5160
982649134	5161
976940802	5162
324863193	5163
1117694439	5164
1133501525	5165
1158671881	5166
1141997300	5167
925649349	5168
1046727336	5169
1075992353	5170
847432999	5171
1218445808	5172
1182279535	5173
905530050	5174
1034801499	5175
1000465732	5176
984066533	5177
987515760	5178
1181497750	5179
909745508	5180
880609054	5181
694919047	5182
893751825	5183
893977171	5184
1191497153	5185
1196897577	5186
124099043	5187
97439160	5188
911217031	5189
1132404684	5190
1225296033	5191
1093656579	5192
981986345	5193
1219110344	5194
716857214	5195
1131330409	5196
1177250569	5197
1205338932	5198
953681376	5199
1243904058	5200
1208047884	5201
711213672	5202
701306211	5203
337603943	5204
1177653392	5205
1130875381	5206
565286174	5207
565398152	5208
1055644230	5209
931188137	5210
917597051	5211
606927005	5212
845796282	5213
1197451838	5214
1191636019	5215
685327049	5216
268476152	5217
986589498	5218
1112832370	5219
879091252	5220
952777353	5221
1239566944	5222
1116737593	5223
1139826364	5224
1246830015	5225
694639015	5226
1239509405	5227
145843827	5228
1078380620	5229
1096412525	5230
1028005306	5231
1098481873	5232
1101524102	5233
509776244	5234
1072250135	5235
1186007094	5236
1247165306	5237
1248939038	5238
897217504	5239
526550420	5240
1232870581	5241
300414089	5242
101507055	5243
692426809	5244
1243017454	5245
1095101129	5246
900583436	5247
1164598415	5248
289594099	5249
235080129	5250
13976805	5251
846119872	5252
851099092	5253
1099504598	5254
1200992019	5255
247641785	5256
837644610	5257
1075996136	5258
1218035055	5259
988921714	5260
975849006	5261
966889347	5262
24415260	5263
1146825222	5264
563871021	5265
329029828	5266
1223449178	5267
528476929	5268
857497830	5269
1039299275	5270
1137519998	5271
1206128012	5272
346064647	5273
1248522524	5274
940895018	5275
1218503809	5276
709266671	5277
926032170	5278
1085437689	5279
101252101	5280
20643964	5281
50587412	5282
1056569088	5283
1123800530	5284
1066825518	5285
287255715	5286
696017583	5287
1134155429	5288
280218548	5289
135322183	5290
1137000175	5291
1112395546	5292
115110064	5293
292633846	5294
844037668	5295
1065223491	5296
1096515087	5297
1100196806	5298
289594098	5299
1157701492	5300
1132006551	5301
1225053843	5302
1192934632	5303
1109022340	5304
1136443824	5305
330204325	5306
809664058	5307
940077445	5308
1076220325	5309
1104744416	5310
1223352518	5311
1248411369	5312
1226064358	5313
564284024	5314
865589815	5315
879255099	5316
1251743853	5317
1023393483	5318
1207477602	5319
957923092	5320
1044315056	5321
723768008	5322
876718512	5323
1191217145	5324
947851233	5325
858403031	5326
847627409	5327
1193387999	5328
1165905939	5329
1230749892	5330
1233738312	5331
1205994926	5332
715736206	5333
278680017	5334
305322719	5335
219900270	5336
216572238	5337
1121819235	5338
1113119977	5339
1142218921	5340
349810273	5341
918532128	5342
1117331737	5343
1018459287	5344
1143210099	5345
1230385532	5346
691446100	5347
928849725	5348
471123237	5349
1096870360	5350
947615927	5351
572321053	5352
1143768408	5353
1145011842	5354
853255285	5355
284605122	5356
1235761700	5357
1136564963	5358
849338142	5359
975285799	5360
1142761640	5361
1216222384	5362
848008284	5363
1205476926	5364
1003821685	5365
204661735	5366
299600348	5367
220444644	5368
919140133	5369
850383425	5370
1186891630	5371
884069183	5372
938251492	5373
923270153	5374
1035008423	5375
1039785690	5376
1137665968	5377
1040211904	5378
1106627942	5379
953792431	5380
1166032113	5381
1100293419	5382
977138350	5383
317074760	5384
1190826930	5385
282621061	5386
950653111	5387
570630108	5388
1162952738	5389
1095928695	5390
329199001	5391
962592377	5392
926414664	5393
1114949841	5394
1094762864	5395
1228147875	5396
1213113256	5397
1144477810	5398
953519829	5399
1246748811	5400
1015608722	5401
526417952	5402
319188067	5403
842111135	5404
1143108238	5405
291818018	5406
1247504173	5407
1133928368	5408
333987051	5409
1231583881	5410
1130069845	5411
219132836	5412
529574865	5413
888404294	5414
1075469961	5415
297478165	5416
1160597801	5417
609143399	5418
222733374	5419
869982815	5420
1054748453	5421
1213054045	5422
926703163	5423
1206053128	5424
89428808	5425
288774583	5426
349806082	5427
1222851924	5428
973930770	5429
843852033	5430
282613109	5431
136108186	5432
304455305	5433
1076428302	5434
812516821	5435
344020285	5436
1102755147	5437
1248353270	5438
966670836	5439
1210388216	5440
717716462	5441
287039567	5442
865587302	5443
906871741	5444
910066230	5445
933041534	5446
1137897070	5447
1128351811	5448
645537243	5449
1130017223	5450
526443855	5451
1177709245	5452
1192431020	5453
925066689	5454
235546618	5455
881113192	5456
1039339400	5457
1236773361	5458
1139558939	5459
1136524746	5460
1138753045	5461
1224364920	5462
1213027130	5463
1213087050	5464
929646825	5465
1236905668	5466
927328250	5467
141718726	5468
265726193	5469
382992950	5470
1226142251	5471
1097136826	5472
1099856163	5473
1071504013	5474
935241115	5475
1213492566	5476
288251542	5477
472809095	5478
1011477427	5479
223064082	5480
218523234	5481
951051280	5482
564944584	5483
289165045	5484
1189639768	5485
877129375	5486
1007571081	5487
1185429029	5488
948163268	5489
235701308	5490
281878861	5491
1132280364	5492
1090339179	5493
1215406740	5494
708375382	5495
1027102942	5496
1075142084	5497
1027599590	5498
1209253795	5499
719706014	5500
1180979722	5501
844625919	5502
917143367	5503
963731828	5504
1234661352	5505
1235708064	5506
688234335	5507
867497230	5508
1413089	5509
1203503188	5510
1081969313	5511
936885288	5512
289594097	5513
1235050956	5514
1044142124	5515
916492379	5516
878713746	5517
295051447	5518
941275452	5519
1178154523	5520
931683314	5521
1183904858	5522
1023315494	5523
1129488789	5524
883018896	5525
710151470	5526
962304631	5527
1107587935	5528
1090602113	5529
1205338640	5530
990900765	5531
269448144	5532
852143655	5533
267775621	5534
860758308	5535
463729889	5536
879883262	5537
879766569	5538
716654750	5539
1130450090	5540
349940253	5541
1225844814	5542
1198479679	5543
1136603007	5544
894606347	5545
918401547	5546
1235192817	5547
933273268	5548
215191045	5549
890341782	5550
574766253	5551
857068554	5552
1227942947	5553
1183888128	5554
1107441689	5555
1253557044	5556
1152577290	5557
875337206	5558
1025527352	5559
1009286860	5560
697552085	5561
690500738	5562
644599519	5563
710714380	5564
868544610	5565
217948618	5566
1149064371	5567
879377582	5568
1205935885	5569
1219305384	5570
1020475740	5571
924413987	5572
1209333224	5573
718728095	5574
846176951	5575
1210422983	5576
648271089	5577
924177265	5578
720986067	5579
223210346	5580
222200145	5581
1235078559	5582
861515259	5583
1219011058	5584
1098333420	5585
933546131	5586
349739481	5587
139274857	5588
1035286450	5589
1074694657	5590
697342444	5591
1239325680	5592
1039200653	5593
1160812074	5594
1033487449	5595
1119232989	5596
282564310	5597
286888761	5598
1191854041	5599
1130793903	5600
1213045046	5601
693730830	5602
690502354	5603
292772131	5604
693834818	5605
1082578192	5606
1140860243	5607
265580	5608
1173290342	5609
1223807107	5610
891129208	5611
977951324	5612
1221520389	5613
1249387939	5614
1184447676	5615
868767537	5616
894234203	5617
1173439838	5618
1132974331	5619
933397959	5620
1248915993	5621
1173539722	5622
384015265	5623
215793219	5624
959415426	5625
1238974353	5626
975187261	5627
1040091649	5628
1139868945	5629
858856401	5630
866078560	5631
1181945666	5632
1234653724	5633
334074064	5634
1145155234	5635
974015907	5636
1206673264	5637
1211064986	5638
565761632	5639
229229323	5640
281529342	5641
1104174274	5642
222196252	5643
919152587	5644
1062023763	5645
686713165	5646
1206114252	5647
1147935880	5648
288987052	5649
421602474	5650
940392396	5651
1221438664	5652
1242769265	5653
330947083	5654
1101590645	5655
296355028	5656
279332983	5657
1034652384	5658
1151352756	5659
1055714022	5660
1191633388	5661
1194526641	5662
1071778510	5663
1232480255	5664
960609470	5665
967354302	5666
1083261833	5667
206208552	5668
846676294	5669
213308710	5670
1213248568	5671
464207984	5672
1163630580	5673
927679227	5674
925250579	5675
923775619	5676
975766018	5677
976721200	5678
972534595	5679
1246657472	5680
221113466	5681
1142547975	5682
969602126	5683
1104375221	5684
984781742	5685
135926651	5686
1116133724	5687
989292013	5688
1096285042	5689
294879728	5690
1197403015	5691
877065616	5692
291617839	5693
645944588	5694
1051799604	5695
1005878548	5696
835965263	5697
989630482	5698
1168381042	5699
1226584286	5700
819232033	5701
